I 001 P 3031 Titanium_Metallic 1:P 4733 Black 4
I 002 P 3710 Earth_Green 1:P 3710 Earth_Blue 1:P 15573 Earth_Green 3:P 15573 Earth_Blue 1:P 2420 Earth_Green 2:P 2420 Earth_Blue 2:P 4032a Earth_Green 1
I 003 C Core_Bottom:C Side_South
I 004 C Side_East
I 005 C Core_Top:C Side_Front
I 006 C Side_Back
I 007 C Side_West
I 008 C Side_North
P 001 3031 0 0.003199999 0 180 0 0 Titanium_Metallic
P 001 4733 -0.012 0.0128 0.012 180 0 0 Black
P 001 4733 0.012 0.0128 0.012 180 0 0 Black
P 001 4733 0.012 0.0128 -0.012 180 0 0 Black
P 001 4733 -0.012 0.0128 -0.012 180 0 0 Black

P 002 3710 0 0.002818186 0.012 180 0 0 Earth_Green

P 002 15573 0.012 0.002800003 0.004000001 180 0 0 Earth_Green
P 002 15573 0.012 0.002800001 -0.004000001 180 0 0 Earth_Green
P 002 15573 -0.012 0.002800003 0.004000001 180 0 0 Earth_Green
P 002 15573 -0.012 0.002800001 -0.004000001 180 0 0 Earth_Blue

P 002 3710 0 0.002818181 -0.012 180 0 0 Earth_Blue

P 002 2420 -0.004 0.006018186 0.004000001 180 90 0 Earth_Blue
P 002 2420 0.004 0.006018186 0.004000001 180 180 0 Earth_Green
P 002 2420 0.004 0.006018186 -0.004000001 180 270 0 Earth_Green
P 002 2420 -0.004000001 0.006018186 -0.004000001 180 0 0 Earth_Blue

P 002 4032a 0 0.009218182 -2.384186E-09 180 0 0 Earth_Green

RS 003 180 90 0
C 003 Core_Bottom 0 -0.003199999 0 0 0 0
C 003 Side_South 0 -0.01638818 0 0 0 0
R 004 0 90 0
C 004 Side_East 0.0164 -1.81818E-05 0 0 0 0
R 005 0 0 0
C 005 Core_Top 0 0.003199999 -2.384186E-09 0 0 0
C 005 Side_Front 0 -1.820159E-05 -0.0164 0 0 0
R 005 0 -180 0
C 006 Side_Back 0 -1.820016E-05 0.0164 0 0 0
R 006 0 -90 0
C 007 Side_West -0.0164 -1.81818E-05 0 0 0 0
R 007 0 0 0
C 008 Side_North 0 0.016 -2.384186E-09 0 0 0